ShangZong|3913.72|24.64|0.63|7996964308.86|5613429.63
ShenZhong|13760.37|153.93|1.13|10535770324.54|6305689.85
ChuangYe|3295.88|23.39|0.71|4635874606.72|1741263.66
Hushen300|4502.57|25.04|0.56|4405175616.17|1924003.88
Zhongzheng500|7737.61|95.48|1.25|3442046843.21|1882050.66
Zhongzheng1000|7746.31|106.93|1.4|4038036917.70|2588952.74
ZhongXiaoBan|8360.24|107.67|1.3|1265007393.56|413463.99
ShangZheng50|2837.31|12.64|0.45|1032947658.15|465254.41
ShangZong|-7.22|0.86|20|-1.35
ChuangYe|-0.63|0.87|20|-1.94
Hushen300|-5.33|0.83|20|-1.5
Zhongzheng500|-12.19|0.88|20|-1.1
Zhongzheng1000|-11.08|0.91|20|-1.39
ShangZong|-1.74|0.86|60|-1.35
ChuangYe|0.9|0.87|60|-1.94
Hushen300|-4.16|0.83|60|-1.5
Zhongzheng500|3.88|0.88|60|-1.1
Zhongzheng1000|1.83|0.91|60|-1.39
